QUERY	and	PAGES	1,2,4,5,6,8,9,11,12,13,15,16,18,20,21,22,23,25,26,27,28,29,31,32,33,34,38,41,46,48,49,50,51,53,54,55,56,57,58,60,61,62,63,64,65,66,67,68,69,71,72,73,74,75,76,77,79,80,81,82,83,85,86,87,88,89,92,93,97,98,106,108,109,111,113,115,117,118,119,120,123,124,126,127,129,131,132,134,136,137,139,142,143,152,153,154,155,160,165,166,168,169,170,171,172,173,175,178,179,183,184,185,186,189,191,192,193,194,195,196,197,198,199,224,232,233,236,237,241,242,243,244,246,248,249,252,257,258,260,263,265,269,270,274,275,276,279,280,281,285,286,291,295,307,314,315,317,318,319,320,321,322,324,327,336,338,339,340,344,345,346,347,349,354,355,356,357,359,360,365,367,368,369,371,373,376,382,383,384,385,386,387,388,390,391,393,394,395,396,397,399,402,403,404,406,408,420,421,423,424,425,427,429,430,433,434,436,437,438,441,442,443,444,445,446,447,448,449,450,451,452,453,454,455,456,457,458,459,460,461,462,463,464,465,466,467,468,469,470,471,472,473,474,475,476,477,478,479,480,481,482,483,484,485,486,487,488,489,490,492,493,494,495,496,497,499,502,511,512,513,514,515,516,517,518,519,520,521,522,523,524,525,526,527,528,529,530,531,532,533,534,535,536,537,538,539,540,541,542,546,548,549,550,552,555,558,560,561,563,564,565,566,567,568,569,570,571,572,573,574,575,576,577,578,579,580,581,582,583,584,585,586,587,588,589,590,591,592,593,594,595,596,598,599,600,601,602,603,604,605,606
CONTEXT	and	PAGE	12
1.11 Splitting diagrams 1 SEQUENCE DIAGRAM
1.11 Splitting diagrams
The newpage keyword is used to split a diagram into several images.
You can put a title for the new page just after the newpage keyword. This title overrides the previously
specified title if any.
This is very handy with Word to print long diagram on several pages.
(Note: this really does work. Only the first page is shown below, but it is a display artifact.)
@startuml
Alice -> Bob : message 1
Alice -> Bob : message 2
newpage
Alice -> Bob : message 3
Alice -> Bob : message 4
newpage A title for the\nlast page
Alice -> Bob : message 5
Alice -> Bob : message 6
@enduml
1.12 Grouping message
It is possible to group messages together using the following keywords:
• alt/else
• opt
• loop
• par
• break
• critical
PlantUML Language Reference Guide (1.2025.0) 11 / 606
----
